作業名,25
12,32
12,"40
50"
12,65
12,"80
100
125
150"
12,"200
250"
